20 2012.573743594622 2012.573857749873  90 
36 2012.573758656773 2012.573872812024 176 
16 2012.573772513952 2012.573886669203 100 
15 2012.573788685946 2012.573902841197  90 
14 2012.573815702689 2012.573929857940 100 
30 2012.573844082953 2012.573958238204 265 
13 2012.573854420345 2012.573968575596  90 
34 2012.573874016996 2012.573988172247 176 
18 2012.573882705479 2012.573996860731  90 
12 2012.573902936327 2012.574017091578  80 
19 2012.573904426687 2012.574018581938 100 
35 2012.573918378995 2012.574032534246 176 
20 2012.573934075343 2012.574048230594  90 
36 2012.573960648148 2012.574074803399 176 
16 2012.573967846271 2012.574082001522 100 
 6 2012.573992865297 2012.574107020548  80 
15 2012.574012398529 2012.574126553780  90 
14 2012.574019279554 2012.574133434805 100 
 7 2012.574045884069 2012.574160039320 320 
13 2012.574062468290 2012.574176623541  90 
 8 2012.574076674277 2012.574190829528 320 
18 2012.574085394470 2012.574199549721  90 
12 2012.574104610604 2012.574218765855  80 
19 2012.574114504059 2012.574228659310 100 
 9 2012.574123351091 2012.574237506342  80 
20 2012.574144406393 2012.574258561644  90 
10 2012.574163781076 2012.574277936327 320 
16 2012.574189751395 2012.574303906646 100 
 6 2012.574192224759 2012.574306380010  80 
15 2012.574214865550 2012.574329020802  90 
 4 2012.574217053526 2012.574331208777 275 
14 2012.574222951547 2012.574337106799 100 
 7 2012.574243816591 2012.574357971842 320 
13 2012.574266393962 2012.574380549214  90 
 8 2012.574274321410 2012.574388476662 320 
23 2012.574278633942 2012.574392789193 285 
18 2012.574292237443 2012.574406392694  90 
12 2012.574306506849 2012.574420662100  80 
22 2012.574318207763 2012.574432363014 295 
19 2012.574318493151 2012.574432648402 100 
 9 2012.574334950533 2012.574449105784  80 
20 2012.574346302638 2012.574460457889  90 
10 2012.574367040842 2012.574481196093 320 
25 2012.574390632927 2012.574504788179 285 
 6 2012.574395072298 2012.574509227549  80 
15 2012.574415525114 2012.574529680365  90 
 4 2012.574419203450 2012.574533358701 275 
21 2012.574421201167 2012.574535356418 184 
 7 2012.574447964231 2012.574562119483 320 
13 2012.574468068239 2012.574582223491  90 
27 2012.574479356925 2012.574593512177 295 
23 2012.574489504059 2012.574603659310 285 
12 2012.574496511923 2012.574610667174  80 
22 2012.574516584221 2012.574630739472 295 
20 2012.574544425418 2012.574658580670  90 
10 2012.574569285895 2012.574683441147 320 
25 2012.574587550736 2012.574701705987 285 
 6 2012.574600393201 2012.574714548452  80 
15 2012.574600805429 2012.574714960680  90 
 5 2012.574625475647 2012.574739630898  80 
21 2012.574630644343 2012.574744799594 184 
14 2012.574650621512 2012.574764776763 100 
 7 2012.574649638508 2012.574763793760 320 
13 2012.574668822933 2012.574782978184  90 
23 2012.574678430999 2012.574792586251 285 
18 2012.574697900812 2012.574812056063  90 
12 2012.574703989092 2012.574818144343  80 
19 2012.574719431761 2012.574833587012 100 
22 2012.574723046677 2012.574837201928 295 
20 2012.574746131405 2012.574860286657  90 
10 2012.574769818620 2012.574883973871 320 
25 2012.574778887621 2012.574893042872 285 
16 2012.574778602232 2012.574892757483 100 
 6 2012.574804477423 2012.574918632674  80 
 5 2012.574825437595 2012.574939592846  80 
21 2012.574831906393 2012.574946061644 184 
 7 2012.574848554033 2012.574962709285 320 
 8 2012.574870846017 2012.574985001268 320 
23 2012.574892345256 2012.575006500507 285 
27 2012.574896499239 2012.575010654490 295 
12 2012.574901160578 2012.575015315829  80 
22 2012.574922532978 2012.575036688229 295 
10 2012.574970414764 2012.575084570015 320 
25 2012.574990582192 2012.575104737443 285 
 6 2012.575004597920 2012.575118753171  80 
 5 2012.575027460680 2012.575141615931  80 
21 2012.575030980467 2012.575145135718 184 
 7 2012.575053018772 2012.575167174023 320 
 8 2012.575072520294 2012.575186675545 320 
23 2012.575083079655 2012.575197234906 285 
12 2012.575102042111 2012.575216197362  80 
22 2012.575125158549 2012.575239313800 295 
11 2012.575155599949 2012.575269755200 320 
25 2012.575177352867 2012.575291508118 285 
21 2012.575229293506 2012.575343448757 184 
23 2012.575281012177 2012.575395167428 285 
 4 2012.575316717402 2012.575430872653 275 
22 2012.575335743277 2012.575449898529 295 
25 2012.575382102993 2012.575496258245 285 
21 2012.575434709538 2012.575548864789 184 
32 2012.575465087519 2012.575579242770 265 
31 2012.575465372907 2012.575579528158 176 
23 2012.575490835870 2012.575604991121 285 
 4 2012.575504661339 2012.575618816591 275 
30 2012.575519438102 2012.575633593354 265 
34 2012.575546137747 2012.575660292998 176 
35 2012.575582604008 2012.575696759259 176 
36 2012.575620909437 2012.575735064688 176 
31 2012.575659880771 2012.575774036022 176 
30 2012.575702086504 2012.575816241756 265 
34 2012.575742516489 2012.575856671740 176 
35 2012.575781170726 2012.575895325977 176 
36 2012.575820554287 2012.575934709538 176 
31 2012.575863140538 2012.575977295789 176 
30 2012.575906519533 2012.576020674784 265 
34 2012.575947171487 2012.576061326738 176 
35 2012.575985064688 2012.576099219939 176 
36 2012.576025653222 2012.576139808473 176 
31 2012.576066210046 2012.576180365297 176 
30 2012.576108891426 2012.576223046677 265 
34 2012.576149860477 2012.576264015728 176 
35 2012.576187595129 2012.576301750380 176 
20 2012.576225266362 2012.576339421613  90 
36 2012.576228532471 2012.576342687722 176 
16 2012.576250951294 2012.576365106545 100 
31 2012.576267916033 2012.576382071284 176 
14 2012.576301686961 2012.576415842212 100 
30 2012.576315195332 2012.576429350584 265 
13 2012.576334696854 2012.576448852106  90 
34 2012.576350361492 2012.576464516743 176 
18 2012.576375919584 2012.576490074835  90 
19 2012.576381595637 2012.576495750888 100 
35 2012.576388349823 2012.576502505074 176 
20 2012.576414605530 2012.576528760781  90 
36 2012.576435692542 2012.576549847793 176 
16 2012.576439973364 2012.576554128615 100 
15 2012.576468036530 2012.576582191781  90 
31 2012.576490233384 2012.576604388635 176 
14 2012.576494577626 2012.576608732877 100 
25 2012.578060121766 2012.578174277017 285 
21 2012.578113330796 2012.578227486048 184 
31 2012.578147196854 2012.578261352106 176 
23 2012.578165493404 2012.578279648656 285 
30 2012.578186136479 2012.578300291730 265 
 4 2012.578193398021 2012.578307553272 275 
34 2012.578224727296 2012.578338882547 176 
35 2012.578261320396 2012.578375475647 176 
36 2012.578302130898 2012.578416286149 176 
31 2012.578339738711 2012.578453893962 176 
30 2012.578381024860 2012.578495180112 265 
30 2012.578160610096 2012.578274765347   3 
30 2012.578390093861 2012.578504249112 265 
34 2012.578421454845 2012.578535610096 176 
35 2012.578460045662 2012.578574200913 176 
36 2012.578499365804 2012.578613521055 176 
31 2012.578541666667 2012.578655821918 176 
30 2012.578584696854 2012.578698852106 265 
34 2012.578625221969 2012.578739377220 176 
35 2012.578663717656 2012.578777872907 176 
36 2012.578703735413 2012.578817890665 176 
31 2012.578745370370 2012.578859525622 176 
30 2012.578788146880 2012.578902302131 265 
34 2012.578828989092 2012.578943144343 176 
35 2012.578866692035 2012.578980847286 176 
36 2012.578906836631 2012.579020991882 176 
16 2012.578931919077 2012.579046074328 100 
31 2012.578947203196 2012.579061358447 176 
14 2012.578984525622 2012.579098680873 100 
30 2012.578994070269 2012.579108225520 265 
13 2012.579014079148 2012.579128234399  90 
34 2012.579028982750 2012.579143138001 176 
18 2012.579043664384 2012.579157819635  90 
19 2012.579061136479 2012.579175291730 100 
35 2012.579081335616 2012.579195490868 176 
20 2012.579096619736 2012.579210774987  90 
36 2012.579117040842 2012.579231196093 176 
16 2012.579132293252 2012.579246448503 100 
15 2012.579147926180 2012.579262081431  90 
31 2012.579169298579 2012.579283453831 176 
14 2012.579175925926 2012.579290081177 100 
30 2012.579201801116 2012.579315956367 265 
13 2012.579213977676 2012.579328132927  90 
34 2012.579232115677 2012.579346270928 176 
18 2012.579252980720 2012.579367135972  90 
22 2012.579697171486 2012.579811326738 295 
20 2012.579698693557 2012.579812848808  90 
10 2012.579722792998 2012.579836948250 320 
 6 2012.579729674023 2012.579843829275  80 
25 2012.579751870878 2012.579866026129 285 
15 2012.579753805175 2012.579867960426  90 
21 2012.579779616946 2012.579893772197 285 
 4 2012.579801116185 2012.579915271436 275 
 8 2012.579807394724 2012.579921549975 320 
23 2012.579827625571 2012.579941780822 285 
13 2012.579834728564 2012.579948883815  90 
18 2012.579852517757 2012.579966673009  90 
 9 2012.579868245814 2012.579982401066  80 
22 2012.579882483511 2012.579996638762 295 
20 2012.579901889904 2012.580016045155  90 
10 2012.579914795789 2012.580028951040 320 
25 2012.579927130898 2012.580041286149 285 
16 2012.579952118214 2012.580066273465 100 
15 2012.579956177068 2012.580070332319  90 
21 2012.579980435058 2012.580094590309 184 
14 2012.580008625063 2012.580122780314 100 
 8 2012.580009386098 2012.580123541350 320 
13 2012.580029553526 2012.580143708777  90 
23 2012.580038020041 2012.580152175292 285 
18 2012.580055682395 2012.580169837646  90 
 9 2012.580068493151 2012.580182648402  80 
22 2012.580082762557 2012.580196917808 295 
20 2012.580103564181 2012.580217719432  90 
10 2012.580121892440 2012.580236047691 320 
 6 2012.580132515221 2012.580246670472  80 
25 2012.580153031456 2012.580267186707 285 
 5 2012.580161117453 2012.580275272704  80 
15 2012.580169235160 2012.580283390411  90 
 7 2012.580182743531 2012.580296898782 320 
21 2012.580205574581 2012.580319729833 184 
 8 2012.580208808980 2012.580322964231 320 
23 2012.580232623034 2012.580346778285 285 
12 2012.580255327245 2012.580369482496  80 
 9 2012.580263413242 2012.580377568493  80 
22 2012.580283009893 2012.580397165145 295 
10 2012.580306601979 2012.580420757230 320 
 6 2012.580333745561 2012.580447900812  80 
25 2012.580352486048 2012.580466641299 285 
 5 2012.580362855150 2012.580477010401  80 
 7 2012.580384734906 2012.580498890157 320 
21 2012.580386130137 2012.580500285388 184 
 8 2012.580411212582 2012.580525367834 320 
23 2012.580434646119 2012.580548801370 285 
27 2012.580447932522 2012.580562087773 295 
 9 2012.580468036530 2012.580582191781  80 
22 2012.580481925419 2012.580596080670 295 
11 2012.580494704465 2012.580608859716 320 
10 2012.580511320396 2012.580625475647 320 
30 2012.580865804160 2012.580979959411 265 
 4 2012.580884734906 2012.580998890157 275 
34 2012.580905917047 2012.581020072298 176 
35 2012.580941875951 2012.581056031202 176 
36 2012.580983701167 2012.581097856418 176 
32 2012.581016330543 2012.581130485794 184 
31 2012.581042522831 2012.581156678082 176 
30 2012.581061073059 2012.581175228310 265 
 4 2012.581084474886 2012.581198630137 275 
34 2012.581100361492 2012.581214516743 176 
35 2012.581138286403 2012.581252441654 176 
36 2012.581178716388 2012.581292871639 176 
31 2012.581220319635 2012.581334474886 176 
30 2012.581262620497 2012.581376775748 265 
34 2012.581303906646 2012.581418061897 176 
35 2012.581342973110 2012.581457128361 176 
36 2012.581382642060 2012.581496797311 176 
31 2012.581424277017 2012.581538432268 176 
30 2012.581467592593 2012.581581747844 265 
34 2012.581507642060 2012.581621797311 176 
35 2012.581545979198 2012.581660134450 176 
36 2012.581585521309 2012.581699676560 176 
31 2012.581626617199 2012.581740772451 176 
14 2012.581666856925 2012.581781012177 100 
30 2012.581668632674 2012.581782787925 265 
13 2012.581694032217 2012.581808187468  90 
34 2012.581709284627 2012.581823439878 176 
18 2012.581733923136 2012.581848078387  90 
19 2012.581740994419 2012.581855149670 100 
35 2012.581760337392 2012.581874492643 176 
20 2012.581780124302 2012.581894279554  90 
36 2012.581793569254 2012.581907724505 176 
16 2012.581805301877 2012.581919457128 100 
15 2012.581826991375 2012.581941146626  90 
31 2012.581827625571 2012.581941780822 176 
14 2012.581855149670 2012.581969304921 100 
30 2012.581876300101 2012.581990455353 265 
13 2012.581894184424 2012.582008339675  90 
34 2012.581911276002 2012.582025431253 176 
18 2012.581934360731 2012.582048515982  90 
19 2012.581939402588 2012.582053557839 100 
35 2012.581950722983 2012.582064878234 176 
