E06S01  40.2586 98.8239 52    43    32    0      521   431   321   1     53    432   4     2     531   4321  41    21   
E05S01 33.4935 100.547 4321  42    31    0      5     421   32    1     51    43    321   2     52    431   4     21   
E04S01 26.8376 103.094 43    4     3    0       431   41    31    1     432   42    32    2     4321  421   321   21   
E03S00 19.4511 90. 41    32    21      0    41    32    21   0       41    32    21     0     41    32    21         0
E02S00 12.8973 90. 32    3     2       0    32    3     2    0       32    3     2     0      32    3     2          0
E01S00 6.42702 90. 21    2     1       0    21    2     1    0       21    2     1     0      21    2     1          0
E00S00 0.  0.    0 0 0 0 0 0 0 0 0 0 0 0 0 0 0 0
W01S00  6.42702 270.   0     1     2     21    0      1     2     21    0      1     2     21    0      1     2     21   
W02S00 12.8973 270.    0    2     3     32     0     2     3     32     0     2     3     32     0     2     3     32   
W03S00  19.4511 270.    0    21    32    41    0      21    32    41    0      21    32    41    0      21    32    41   
W04S01 26.8376 256.906  0     3     4     43    1     31    41    431   2     32    42    432   21    321   421   4321 
W05S01 33.4935 259.453  0     31    42    4321  1     32    421   5     2     321   43    51    21    4     431   52   
W06S01  40.2586 261.176 0      32    43    52    1     321   431   521   2     4     432   53    21    41    4321  531  